1 18
2 46
3 96
4 43
5 50
6 37
7 55
8 70
9 98
10 111
11 100
12 91
13 72
14 122
15 109
16 73
17 86
18 57
19 112
20 122
21 87
22 81
23 16
24 63
25 55
26 62
27 47
28 35
29 119
30 83
31 20
32 89
33 94
34 68
35 30
36 93
37 102
38 85
39 84
40 77
41 75
42 111
43 20
44 118
45 75
46 25
47 56
48 95
49 30
50 114
51 45
52 89
53 114
54 61
55 61
56 14
57 100
58 103
59 54
60 103
61 65
62 32
63 88
64 60
65 10
66 28
67 71
68 101
69 75
70 45
71 115
72 71
73 70
74 18
75 69
76 61
77 70
78 11
79 63
80 94
81 46
82 81
83 50
84 72
85 92
86 85
87 75
88 82
89 38
90 50
91 98
92 49
93 122
94 47
95 75
96 30
97 54
98 19
99 96
100 103
101 67
102 102
103 34
104 107
105 110
106 27
107 31
108 49
109 53
110 57
111 35
112 56
113 46
114 35
115 19
116 60
117 76
118 92
119 86
120 101
121 38
122 14
123 121
124 91
125 111
126 24
127 44
128 89
129 110
130 63
131 117
132 39
133 50
134 92
135 101
136 79
137 25
138 91
139 32
140 14
141 69
142 45
143 53
144 46
145 103
146 17
147 29
148 91
149 66
150 113
151 83
152 115
153 86
154 41
155 16
156 95
157 102
158 41
159 105
160 115
161 103
162 71
163 66
164 40
165 117
166 82
167 61
168 66
169 16
170 64
171 68
172 56
173 11
174 53
175 48
176 128
177 19
178 56
179 116
180 114
181 88
182 67
183 49
184 123
185 101
186 27
187 62
188 89
189 59
190 114
191 38
192 109
193 106
194 57
195 22
196 55
197 84
198 21
199 105
200 115
201 105
202 17
203 71
204 92
205 63
206 38
207 77
208 52
209 82
210 39
211 80
212 127
213 98
214 112
215 127
216 101
217 76
218 98
219 39
220 67
221 67
222 33
223 50
224 70
225 48
226 104
227 29
228 121
229 91
230 73
231 93
232 47
233 51
234 71
235 23
236 17
237 26
238 29
239 45
240 83
241 43
242 111
243 117
244 12
245 102
246 33
247 89
248 14
249 122
250 38
251 70
252 51
253 47
254 107
255 125
256 40
257 68
258 104
259 98
260 45
261 103
262 60
263 123
264 41
265 102
266 10
267 16
268 78
269 53
270 73
271 26
272 92
273 102
274 33
275 123
276 122
277 85
278 37
279 116
280 91
281 97
282 96
283 17
284 121
285 124
286 32
287 100
288 84
289 62
290 68
291 57
292 56
293 86
294 75
295 79
296 84
297 93
298 76
299 80
300 100
301 64
302 39
303 83
304 24
305 112
306 67
307 93
308 104
309 31
310 80
311 73
312 34
313 125
314 39
315 110
316 48
317 118
318 72
319 21
320 45
321 125
322 59
323 99
324 127
325 89
326 25
327 101
328 63
329 122
330 112
331 13
332 55
333 35
334 85
335 126
336 31
337 108
338 20
339 87
340 48
341 114
342 101
343 19
344 116
345 43
346 45
347 43
348 73
349 11
350 61
351 66
352 74
353 53
354 49
355 93
356 124
357 27
358 35
359 94
360 93
361 31
362 65
363 112
364 107
365 83
366 84
367 88
368 10
369 127
370 34
371 52
372 84
373 76
374 91
375 53
376 104
377 121
378 81
379 88
380 20
381 36
382 25
383 91
384 108
385 54
386 113
387 81
388 61
389 71
390 32
391 61
392 77
393 55
394 106
395 27
396 123
397 62
398 68
399 65
400 78
401 36
402 64
403 25
404 88
405 118
406 63
407 17
408 18
409 23
410 62
411 35
412 98
413 13
414 49
415 116
416 125
417 27
418 97
419 56
420 62
421 103
422 59
423 74
424 12
425 11
426 51
427 53
428 112
429 99
430 98
431 105
432 28
433 78
434 14
435 118
436 108
437 58
438 19
439 56
440 24
441 102
442 90
443 13
444 72
445 50
446 127
447 22
448 77
449 112
450 22
451 98
452 100
453 115
454 19
455 58
456 47
457 32
458 96
459 116
460 11
461 92
462 38
463 55
464 12
465 35
466 26
467 82
468 86
469 100
470 124
471 46
472 84
473 48
474 65
475 125
476 10
477 92
478 29
479 40
480 86
481 66
482 126
483 55
484 79
485 35
486 48
487 101
488 45
489 118
490 127
491 73
492 62
493 109
494 26
495 90
496 80
497 88
498 12
499 122
500 49
501 73
502 26
503 103
504 97
505 85
506 83
507 37
508 92
509 38
510 98
511 116
512 21
513 38
514 24
515 86
516 87
517 20
518 69
519 53
520 64
521 74
522 90
523 110
524 89
525 58
526 61
527 114
528 62
529 52
530 37
531 97
532 112
533 17
534 103
535 106
536 104
537 93
538 88
539 99
540 121
541 13
542 107
543 48
544 87
545 43
546 78
547 117
548 109
549 78
550 64
551 107
552 126
553 110
554 37
555 62
556 10
557 112
558 22
559 14
560 56
561 98
562 43
563 117
564 41
565 100
566 50
567 81
568 65
569 15
570 29
571 33
572 95
573 91
574 65
575 98
576 104
577 83
578 63
579 24
580 41
581 113
582 116
583 47
584 35
585 79
586 90
587 124
588 102
589 95
590 90
591 99
592 36
593 76
594 16
595 85
596 44
597 30
598 56
599 67
600 16
601 10
602 44
603 126
604 83
605 62
606 33
607 42
608 39
609 124
610 42
611 76
612 93
613 36
614 98
615 98
616 98
617 117
618 83
619 123
620 50
621 101
622 73
623 76
624 69
625 36
626 18
627 99
628 51
629 128
630 27
631 27
632 85
633 53
634 16
635 101
636 90
637 98
638 47
639 14
640 87
641 25
642 49
643 34
644 38
645 71
646 62
647 52
648 85
649 41
650 13
651 83
652 20
653 89
654 103
655 125
656 95
657 40
658 74
659 43
660 104
661 105
662 49
663 64
664 36
665 33
666 53
667 106
668 84
669 37
670 15
671 117
672 56
673 38
674 28
675 104
676 77
677 65
678 59
679 101
680 71
681 35
682 17
683 40
684 60
685 14
686 102
687 70
688 33
689 96
690 34
691 64
692 13
693 107
694 56
695 30
696 102
697 84
698 79
699 15
700 90
