1 256
2 64
3 128
4 206
5 161
6 3
7 68
8 53
9 98
10 151
11 161
12 58
13 130
14 16
15 46
16 54
17 141
18 135
19 56
20 183
21 152
22 142
23 178
24 96
25 119
26 57
27 187
28 101
29 91
30 147
31 81
32 94
33 147
34 172
35 177
36 32
37 36
38 37
39 114
40 234
41 164
42 193
43 46
44 184
45 206
46 50
47 239
48 196
49 254
50 41
51 228
52 76
53 111
54 154
55 236
56 128
57 196
58 95
59 30
60 57
61 67
62 139
63 193
64 108
65 48
66 33
67 120
68 253
69 67
70 156
71 52
72 17
73 64
74 190
75 130
76 46
77 220
78 103
79 85
80 188
81 42
82 186
83 52
84 95
85 222
86 241
87 254
88 244
89 199
90 83
91 201
92 58
93 214
94 23
95 172
96 27
97 26
98 52
99 245
100 197
101 220
102 189
103 98
104 37
105 94
106 66
107 200
108 228
109 43
110 22
111 110
112 209
113 177
114 134
115 1
116 160
117 42
118 235
119 97
120 100
121 239
122 33
123 48
124 68
125 209
126 171
127 157
128 13
129 119
130 226
131 25
132 55
133 41
134 38
135 213
136 158
137 91
138 202
139 121
140 103
141 95
142 5
143 161
144 13
145 159
146 6
147 164
148 240
149 174
150 61
151 120
152 90
153 139
154 222
155 111
156 23
157 186
158 169
159 60
160 221
161 197
162 224
163 141
164 119
165 36
166 79
167 24
168 80
169 44
170 23
171 212
172 91
173 18
174 203
175 41
176 128
177 138
178 132
179 134
180 196
181 101
182 23
183 214
184 173
185 57
186 158
187 92
188 255
189 219
190 223
191 38
192 95
193 38
194 35
195 1
196 36
197 199
198 164
199 143
200 169
201 40
202 109
203 94
204 12
205 186
206 5
207 42
208 36
209 194
210 121
211 102
212 216
213 158
214 45
215 231
216 164
217 118
218 171
219 210
220 200
221 231
222 59
223 173
224 236
225 62
226 55
227 247
228 118
229 240
230 73
231 110
232 37
233 231
234 35
235 188
236 18
237 240
238 169
239 207
240 252
241 242
242 41
243 66
244 56
245 4
246 104
247 224
248 151
249 254
250 114
251 62
252 240
253 168
254 226
255 172
256 43
257 38
258 87
259 59
260 211
261 22
262 214
263 108
264 198
265 134
266 158
267 240
268 235
269 80
270 247
271 132
272 72
273 106
274 80
275 72
276 256
277 32
278 187
279 175
280 46
281 205
282 101
283 112
284 216
285 123
286 14
287 32
288 30
289 56
290 231
291 235
292 228
293 254
294 59
295 11
296 50
297 60
298 219
299 186
300 197
301 45
302 99
303 71
304 71
305 131
306 126
307 122
308 106
309 17
310 131
311 225
312 46
313 83
314 41
315 158
316 160
317 62
318 125
319 222
320 190
321 72
322 176
323 108
324 15
325 176
326 105
327 51
328 208
329 17
330 87
331 126
332 121
333 7
334 231
335 130
336 18
337 88
338 34
339 200
340 196
341 50
342 148
343 99
344 98
345 162
346 64
347 228
348 49
349 168
350 132
351 57
352 245
353 71
354 91
355 162
356 71
357 27
358 159
359 226
360 52
361 92
362 255
363 5
364 210
365 146
366 172
367 37
368 161
369 78
370 76
371 5
372 216
373 95
374 79
375 18
376 161
377 118
378 132
379 120
380 30
381 46
382 222
383 71
384 131
385 87
386 199
387 215
388 79
389 209
390 127
391 207
392 231
393 201
394 145
395 139
396 179
397 139
398 251
399 123
400 145
401 18
402 29
403 10
404 89
405 202
406 256
407 67
408 86
409 21
410 137
411 129
412 195
413 106
414 28
415 235
416 142
417 240
418 78
419 222
420 62
421 11
422 224
423 153
424 82
425 175
426 54
427 72
428 55
429 145
430 190
431 182
432 12
433 237
434 9
435 73
436 14
437 169
438 224
439 76
440 113
441 129
442 186
443 193
444 50
445 117
446 221
447 155
448 251
449 36
450 16
451 19
452 60
453 232
454 256
455 87
456 149
457 165
458 97
459 235
460 6
461 3
462 234
463 216
464 108
465 63
466 218
467 186
468 74
469 231
470 124
471 59
472 7
473 110
474 176
475 18
476 24
477 214
478 72
479 232
480 97
481 203
482 11
483 193
484 55
485 75
486 58
487 252
488 40
489 48
490 96
491 126
492 249
493 77
494 229
495 222
496 37
497 110
498 191
499 170
500 150
501 72
502 89
503 125
504 71
505 248
506 16
507 8
508 72
509 244
510 85
511 59
512 78
513 248
514 172
515 72
516 29
517 69
518 192
519 192
520 219
521 181
522 232
523 40
524 220
525 19
526 17
527 89
528 179
529 202
530 139
531 123
532 101
533 168
534 187
535 174
536 105
537 150
538 216
539 108
540 196
541 84
542 183
543 113
544 90
545 48
546 161
547 34
548 200
549 167
550 175
551 128
552 58
553 53
554 253
555 6
556 118
557 192
558 118
559 229
560 85
561 156
562 154
563 58
564 129
565 8
566 223
567 186
568 208
569 222
570 238
571 113
572 116
573 46
574 190
575 154
576 71
577 161
578 6
579 128
580 215
581 76
582 99
583 99
584 54
585 71
586 239
587 172
588 130
589 11
590 217
591 218
592 81
593 25
594 255
595 180
596 177
597 116
598 189
599 46
600 77
601 120
602 140
603 123
604 254
605 5
606 232
607 209
608 103
609 129
610 92
611 56
612 116
613 87
614 190
615 173
616 98
617 54
618 93
619 240
620 22
621 162
622 244
623 156
624 71
625 167
626 51
627 116
628 92
629 39
630 85
631 201
632 157
633 131
634 104
635 121
636 26
637 33
638 101
639 105
640 20
641 240
642 95
643 48
644 96
645 26
646 48
647 219
648 12
649 3
650 212
651 227
652 145
653 83
654 156
655 49
656 74
657 134
658 107
659 69
660 107
661 41
662 91
663 16
664 32
665 38
666 118
667 214
668 106
669 29
670 96
671 221
672 191
673 152
674 44
675 202
676 175
677 53
678 169
679 165
680 136
681 88
682 31
683 75
684 42
685 157
686 50
687 240
688 206
689 6
690 207
691 107
692 125
693 166
694 33
695 29
696 204
697 132
698 224
699 255
700 7
