1 128
2 64
3 156
4 32
5 4
6 4
7 45
8 24
9 23
10 7
11 62
12 6
13 24
14 9
15 19
16 26
17 52
18 3
19 60
20 60
21 5
22 24
23 25
24 23
25 57
26 27
27 55
28 45
29 64
30 63
31 46
32 27
33 39
34 46
35 58
36 42
37 41
38 59
39 38
40 64
41 62
42 44
43 57
44 33
45 13
46 14
47 35
48 62
49 46
50 45
51 9
52 9
53 23
54 12
55 52
56 12
57 56
58 46
59 31
60 9
61 25
62 43
63 20
64 28
65 23
66 33
67 1
68 43
69 53
70 46
71 13
72 56
73 33
74 28
75 36
76 47
77 7
78 39
79 15
80 20
81 4
82 62
83 20
84 32
85 1
86 43
87 62
88 30
89 35
90 47
91 15
92 2
93 44
94 13
95 60
96 24
97 64
98 18
99 62
100 28
101 11
102 35
103 9
104 14
105 28
106 19
107 3
108 50
109 12
110 18
111 17
112 48
113 12
114 11
115 19
116 53
117 10
118 16
119 2
120 10
121 52
122 45
123 9
124 41
125 50
126 47
127 9
128 32
129 17
130 35
131 19
132 30
133 16
134 13
135 54
136 44
137 17
138 19
139 19
140 1
141 16
142 63
143 4
144 45
145 15
146 7
147 44
148 26
149 53
150 15
151 62
152 60
153 53
154 19
155 29
156 7
157 58
158 28
159 49
160 55
161 31
162 52
163 38
164 48
165 18
166 15
167 27
168 45
169 2
170 20
171 25
172 31
173 20
174 43
175 15
176 14
177 64
178 53
179 10
180 44
181 54
182 13
183 12
184 4
185 29
186 34
187 36
188 64
189 28
190 35
191 30
192 38
193 12
194 32
195 47
196 21
197 63
198 11
199 59
200 57
201 27
202 14
203 10
204 24
205 3
206 39
207 18
208 64
209 52
210 22
211 35
212 1
213 50
214 33
215 63
216 6
217 22
218 47
219 11
220 64
221 46
222 56
223 57
224 27
225 51
226 55
227 62
228 49
229 28
230 33
231 4
232 63
233 38
234 59
235 39
236 3
237 9
238 12
239 39
240 15
241 13
242 61
243 21
244 17
245 63
246 47
247 21
248 5
249 4
250 2
251 5
252 51
253 46
254 3
255 4
256 29
257 8
258 38
259 52
260 59
261 54
262 26
263 11
264 40
265 49
266 57
267 44
268 22
269 11
270 42
271 48
272 8
273 4
274 10
275 47
276 15
277 34
278 8
279 21
280 38
281 27
282 9
283 14
284 26
285 23
286 1
287 32
288 43
289 22
290 3
291 46
292 38
293 19
294 35
295 17
296 17
297 1
298 16
299 1
300 18
301 10
302 28
303 52
304 49
305 52
306 45
307 8
308 17
309 9
310 19
311 7
312 9
313 2
314 39
315 41
316 49
317 29
318 57
319 62
320 6
321 61
322 15
323 31
324 4
325 29
326 54
327 64
328 14
329 64
330 31
331 24
332 26
333 32
334 50
335 59
336 4
337 26
338 22
339 32
340 60
341 16
342 61
343 35
344 14
345 21
346 17
347 7
348 12
349 57
350 55
351 32
352 57
353 36
354 56
355 36
356 59
357 37
358 21
359 24
360 48
361 41
362 36
363 21
364 43
365 61
366 8
367 32
368 58
369 23
370 34
371 15
372 59
373 61
374 33
375 4
376 53
377 53
378 10
379 35
380 5
381 14
382 15
383 59
384 42
385 58
386 1
387 33
388 57
389 35
390 17
391 20
392 37
393 61
394 47
395 42
396 35
397 56
398 2
399 49
400 21
401 29
402 15
403 53
404 11
405 3
406 58
407 64
408 21
409 36
410 22
411 5
412 62
413 64
414 4
415 43
416 43
417 19
418 23
419 51
420 1
421 43
422 33
423 60
424 18
425 1
426 57
427 20
428 6
429 37
430 61
431 11
432 44
433 48
434 2
435 54
436 25
437 26
438 10
439 13
440 1
441 44
442 17
443 11
444 28
445 4
446 43
447 38
448 7
449 60
450 13
451 44
452 48
453 19
454 47
455 27
456 17
457 62
458 55
459 43
460 37
461 62
462 5
463 51
464 5
465 24
466 16
467 63
468 47
469 21
470 43
471 33
472 5
473 41
474 3
475 8
476 28
477 34
478 14
479 14
480 15
481 45
482 23
483 41
484 35
485 55
486 34
487 38
488 3
489 22
490 58
491 19
492 38
493 30
494 29
495 39
496 36
497 14
498 13
499 43
500 45
501 55
502 14
503 23
504 27
505 21
506 31
507 13
508 7
509 12
510 15
511 31
512 50
513 64
514 19
515 1
516 52
517 14
518 48
519 47
520 40
521 24
522 11
523 1
524 3
525 8
526 14
527 9
528 36
529 46
530 30
531 25
532 2
533 51
534 36
535 50
536 52
537 35
538 40
539 46
540 38
541 8
542 45
543 23
544 15
545 53
546 32
547 22
548 48
549 42
550 47
551 45
552 5
553 42
554 16
555 46
556 33
557 48
558 13
559 6
560 60
561 64
562 47
563 39
564 23
565 52
566 43
567 12
568 5
569 44
570 28
571 8
572 46
573 5
574 10
575 29
576 41
577 47
578 36
579 12
580 45
581 43
582 32
583 26
584 26
585 9
586 12
587 1
588 50
589 50
590 58
591 34
592 41
593 49
594 52
595 59
596 34
597 31
598 2
599 23
600 7
601 46
602 7
603 2
604 45
605 27
606 47
607 35
608 12
609 41
610 43
611 35
612 27
613 1
614 28
615 33
616 57
617 57
618 59
619 35
620 56
621 46
622 15
623 58
624 3
625 49
626 26
627 57
628 60
629 7
630 15
631 49
632 39
633 36
634 25
635 42
636 20
637 42
638 62
639 10
640 5
641 11
642 17
643 21
644 50
645 7
646 46
647 60
648 37
649 32
650 50
651 41
652 41
653 20
654 19
655 46
656 10
657 10
658 40
659 34
660 60
661 33
662 35
663 1
664 49
665 47
666 22
667 64
668 54
669 7
670 59
671 12
672 56
673 59
674 14
675 13
676 61
677 20
678 52
679 4
680 44
681 44
682 48
683 27
684 20
685 12
686 21
687 19
688 16
689 28
690 48
691 4
692 27
693 62
694 33
695 29
696 54
697 10
698 43
699 62
