1 122
2 124
3 64
4 53
5 38
6 118
7 107
8 117
9 83
10 72
11 116
12 30
13 40
14 115
15 77
16 19
17 37
18 95
19 124
20 110
21 20
22 62
23 87
24 31
25 118
26 39
27 120
28 111
29 72
30 88
31 107
32 59
33 21
34 68
35 105
36 25
37 88
38 38
39 43
40 116
41 45
42 60
43 120
44 85
45 90
46 97
47 65
48 61
49 112
50 113
51 67
52 89
53 58
54 60
55 16
56 96
57 29
58 119
59 101
60 50
61 25
62 32
63 40
64 57
65 93
66 96
67 17
68 112
69 101
70 96
71 112
72 127
73 17
74 63
75 68
76 61
77 79
78 89
79 113
80 35
81 68
82 50
83 38
84 17
85 60
86 92
87 37
88 60
89 88
90 53
91 112
92 18
93 18
94 86
95 53
96 65
97 11
98 72
99 89
100 119
101 98
102 82
103 108
104 25
105 25
106 47
107 115
108 34
109 106
110 21
111 77
112 51
113 102
114 44
115 56
116 82
117 53
118 51
119 85
120 19
121 36
122 37
123 105
124 13
125 58
126 37
127 17
128 106
129 15
130 76
131 52
132 109
133 50
134 62
135 61
136 80
137 10
138 53
139 113
140 17
141 56
142 29
143 68
144 89
145 114
146 21
147 88
148 20
149 35
150 106
151 46
152 55
153 55
154 48
155 37
156 88
157 68
158 61
159 46
160 52
161 52
162 119
163 75
164 21
165 51
166 61
167 57
168 78
169 37
170 27
171 46
172 107
173 103
174 40
175 55
176 125
177 85
178 116
179 60
180 23
181 53
182 82
183 56
184 120
185 64
186 54
187 44
188 99
189 61
190 127
191 100
192 29
193 69
194 76
195 125
196 55
197 97
198 101
199 45
200 25
201 22
202 68
203 20
204 88
205 86
206 41
207 38
208 31
209 98
210 48
211 15
212 38
213 101
214 44
215 117
216 60
217 83
218 123
219 46
220 58
221 110
222 66
223 122
224 25
225 68
226 127
227 22
228 121
229 24
230 107
231 103
232 57
233 119
234 35
235 99
236 21
237 53
238 20
239 75
240 106
241 21
242 125
243 17
244 86
245 30
246 67
247 60
248 87
249 21
250 36
251 128
252 40
253 29
254 16
255 65
256 17
257 76
258 119
259 74
260 21
261 108
262 76
263 45
264 116
265 123
266 36
267 94
268 105
269 46
270 69
271 74
272 70
273 15
274 107
275 36
276 14
277 121
278 120
279 116
280 55
281 101
282 79
283 108
284 31
285 62
286 75
287 83
288 127
289 74
290 62
291 28
292 43
293 67
294 48
295 78
296 124
297 97
298 94
299 115
300 60
301 36
302 35
303 65
304 116
305 59
306 99
307 93
308 43
309 46
310 47
311 76
312 35
313 81
314 39
315 28
316 68
317 121
318 52
319 36
320 123
321 77
322 55
323 28
324 95
325 27
326 22
327 111
328 39
329 124
330 111
331 36
332 21
333 46
334 45
335 26
336 67
337 81
338 11
339 39
340 115
341 80
342 11
343 90
344 44
345 84
346 104
347 52
348 75
349 92
350 116
351 52
352 14
353 23
354 33
355 26
356 15
357 34
358 26
359 31
360 42
361 2
362 64
363 60
364 27
365 8
366 15
367 22
368 27
369 38
370 57
371 31
372 26
373 40
374 54
375 23
376 7
377 26
378 56
379 7
380 53
381 29
382 22
383 40
384 10
385 63
386 15
387 20
388 53
389 59
390 56
391 32
392 56
393 46
394 5
395 33
396 40
397 16
398 47
399 5
400 51
401 50
402 32
403 44
404 53
405 56
406 55
407 43
408 24
409 10
410 63
411 42
412 11
413 59
414 31
415 22
416 18
417 8
418 25
419 50
420 20
421 63
422 53
423 34
424 51
425 34
426 50
427 56
428 55
429 15
430 58
431 17
432 13
433 8
434 56
435 55
436 22
437 23
438 49
439 47
440 38
441 31
442 50
443 62
444 63
445 7
446 24
447 57
448 36
449 13
450 58
451 51
452 26
453 17
454 3
455 26
456 57
457 60
458 58
459 32
460 3
461 58
462 37
463 10
464 41
465 1
466 7
467 12
468 25
469 20
470 15
471 20
472 40
473 30
474 62
475 58
476 52
477 44
478 36
479 47
480 2
481 27
482 62
483 18
484 19
485 26
486 34
487 47
488 26
489 18
490 42
491 56
492 61
493 3
494 46
495 34
496 29
497 6
498 45
499 51
500 25
501 10
502 54
503 40
504 39
505 16
506 7
507 22
508 6
509 53
510 9
511 45
512 41
513 24
514 38
515 14
516 56
517 31
518 31
519 34
520 13
521 9
522 19
523 27
524 11
525 11
526 24
527 2
528 11
529 17
530 54
531 14
532 48
533 56
534 50
535 44
536 50
537 4
538 24
539 29
540 34
541 55
542 34
543 47
544 5
545 49
546 49
547 46
548 57
549 60
550 31
551 33
552 1
553 43
554 23
555 12
556 21
557 16
558 36
559 15
560 38
561 51
562 13
563 27
564 54
565 14
566 52
567 4
568 60
569 42
570 57
571 43
572 6
573 23
574 36
575 18
576 10
577 13
578 4
579 28
580 33
581 48
582 50
583 35
584 64
585 58
586 39
587 62
588 10
589 16
590 30
591 55
592 5
593 16
594 12
595 1
596 18
597 1
598 25
599 50
600 45
601 43
602 34
603 53
604 38
605 62
606 21
607 36
608 50
609 64
610 36
611 32
612 15
613 16
614 3
615 22
616 56
617 29
618 18
619 43
620 49
621 6
622 1
623 48
624 50
625 2
626 29
627 30
628 11
629 36
630 14
631 57
632 45
633 47
634 40
635 14
636 58
637 26
638 2
639 49
640 30
641 59
642 49
643 3
644 17
645 62
646 15
647 54
648 29
649 8
650 59
651 18
652 15
653 33
654 26
655 15
656 16
657 37
658 37
659 42
660 22
661 12
662 55
663 13
664 62
665 25
666 63
667 43
668 56
669 30
670 23
671 62
672 9
673 25
674 19
675 36
676 59
677 7
678 1
679 8
680 1
681 32
682 30
683 17
684 32
685 39
686 49
687 6
688 32
689 45
690 53
691 4
692 12
693 62
694 48
695 58
696 51
697 9
698 23
699 48
700 59
