1 256
2 64
3 128
4 206
5 186
6 63
7 233
8 208
9 206
10 151
11 75
12 197
13 232
14 70
15 88
16 93
17 156
18 129
19 237
20 254
21 153
22 121
23 77
24 212
25 144
26 213
27 58
28 48
29 16
30 37
31 28
32 96
33 11
34 230
35 148
36 7
37 53
38 165
39 198
40 77
41 4
42 55
43 133
44 146
45 240
46 181
47 35
48 157
49 190
50 200
51 248
52 195
53 93
54 118
55 151
56 87
57 110
58 111
59 178
60 179
61 5
62 238
63 211
64 159
65 135
66 76
67 183
68 256
69 122
70 74
71 180
72 183
73 89
74 232
75 45
76 171
77 133
78 234
79 56
80 235
81 227
82 154
83 185
84 177
85 158
86 115
87 203
88 225
89 245
90 243
91 58
92 33
93 240
94 219
95 12
96 253
97 228
98 46
99 181
100 94
101 99
102 165
103 246
104 130
105 189
106 242
107 224
108 171
109 177
110 223
111 48
112 239
113 229
114 210
115 151
116 55
117 85
118 184
119 198
120 156
121 184
122 49
123 256
124 127
125 111
126 242
127 201
128 46
129 174
130 170
131 236
132 199
133 12
134 10
135 205
136 184
137 221
138 8
139 11
140 224
141 130
142 61
143 71
144 244
145 218
146 252
147 254
148 148
149 185
150 177
151 183
152 24
153 102
154 253
155 52
156 55
157 208
158 216
159 216
160 128
161 29
162 131
163 41
164 98
165 149
166 4
167 61
168 230
169 80
170 78
171 232
172 172
173 77
174 94
175 37
176 20
177 103
178 86
179 158
180 100
181 125
182 36
183 49
184 196
185 210
186 189
187 157
188 14
189 218
190 136
191 256
192 89
193 153
194 174
195 194
196 124
197 121
198 168
199 131
200 112
201 13
202 105
203 15
204 88
205 129
206 45
207 13
208 8
209 65
210 105
211 208
212 194
213 242
214 91
215 154
216 164
217 166
218 68
219 186
220 17
221 143
222 81
223 116
224 87
225 71
226 137
227 173
228 199
229 30
230 79
231 27
232 28
233 170
234 103
235 231
236 194
237 228
238 82
239 105
240 100
241 177
242 177
243 28
244 8
245 150
246 244
247 245
248 19
249 98
250 241
251 244
252 225
253 185
254 1
255 234
256 60
257 97
258 26
259 189
260 204
261 101
262 93
263 38
264 5
265 195
266 161
267 55
268 114
269 24
270 94
271 166
272 206
273 123
274 171
275 43
276 74
277 196
278 6
279 225
280 199
281 171
282 209
283 146
284 72
285 93
286 147
287 158
288 21
289 198
290 45
291 130
292 7
293 126
294 197
295 208
296 212
297 65
298 18
299 233
300 133
301 124
302 167
303 116
304 161
305 173
306 64
307 18
308 88
309 132
310 154
311 256
312 63
313 251
314 143
315 66
316 224
317 155
318 217
319 252
320 67
321 238
322 255
323 10
324 116
325 166
326 10
327 142
328 139
329 46
330 128
331 17
332 239
333 188
334 253
335 87
336 21
337 167
338 110
339 171
340 233
341 142
342 160
343 251
344 5
345 194
346 107
347 113
348 107
349 185
350 125
351 233
352 90
353 61
354 59
355 128
356 21
357 83
358 18
359 141
360 102
361 168
362 254
363 75
364 186
365 142
366 200
367 63
368 103
369 75
370 59
371 133
372 127
373 211
374 109
375 25
376 125
377 182
378 36
379 247
380 44
381 25
382 245
383 24
384 102
385 175
386 179
387 22
388 88
389 166
390 101
391 71
392 49
393 119
394 186
395 234
396 49
397 35
398 186
399 65
400 130
401 182
402 21
403 40
404 10
405 75
406 130
407 140
408 188
409 9
410 84
411 27
412 123
413 107
414 129
415 209
416 79
417 207
418 154
419 164
420 26
421 44
422 182
423 234
424 210
425 4
426 243
427 210
428 134
429 228
430 46
431 97
432 33
433 38
434 153
435 3
436 13
437 19
438 227
439 84
440 223
441 235
442 43
443 195
444 81
445 46
446 5
447 63
448 77
449 59
450 234
451 36
452 188
453 219
454 45
455 160
456 74
457 192
458 223
459 242
460 222
461 172
462 195
463 91
464 210
465 76
466 166
467 175
468 221
469 100
470 158
471 233
472 81
473 155
474 38
475 57
476 8
477 231
478 94
479 223
480 164
481 158
482 247
483 127
484 198
485 131
486 219
487 45
488 8
489 190
490 170
491 239
492 200
493 149
494 238
495 32
496 44
497 50
498 81
499 183
500 71
501 173
502 96
503 80
504 197
505 196
506 197
507 146
508 231
509 216
510 81
511 49
512 242
513 181
514 24
515 87
516 161
517 230
518 90
519 206
520 57
521 155
522 140
523 71
524 119
525 23
526 204
527 234
528 251
529 170
530 57
531 162
532 13
533 8
534 75
535 15
536 119
537 75
538 207
539 99
540 182
541 230
542 27
543 153
544 70
545 89
546 52
547 20
548 77
549 69
550 162
551 71
552 8
553 34
554 216
555 40
556 60
557 7
558 241
559 59
560 51
561 109
562 2
563 229
564 113
565 44
566 23
567 8
568 8
569 139
570 218
571 254
572 223
573 121
574 123
575 146
576 199
577 44
578 191
579 180
580 140
581 244
582 92
583 195
584 22
585 79
586 210
587 210
588 14
589 150
590 152
591 40
592 71
593 168
594 191
595 31
596 55
597 90
598 152
599 118
600 231
601 164
602 40
603 194
604 62
605 157
606 34
607 138
608 25
609 78
610 159
611 188
612 86
613 148
614 244
615 145
616 149
617 186
618 164
619 161
620 188
621 32
622 60
623 75
624 136
625 67
626 167
627 190
628 192
629 30
630 221
631 83
632 6
633 60
634 212
635 219
636 117
637 251
638 140
639 223
640 58
641 187
642 115
643 87
644 127
645 173
646 185
647 90
648 83
649 2
650 255
651 197
652 213
653 215
654 94
655 101
656 24
657 83
658 54
659 112
660 14
661 120
662 92
663 148
664 240
665 114
666 132
667 138
668 73
669 154
670 133
671 106
672 227
673 70
674 140
675 235
676 127
677 165
678 91
679 117
680 79
681 150
682 65
683 195
684 101
685 222
686 23
687 189
688 229
689 226
690 202
691 51
692 66
693 11
694 237
695 35
696 13
697 35
698 200
699 244
700 36
