1 77
2 45
3 37
4 28
5 28
6 100
7 99
8 81
9 90
10 62
11 24
12 55
13 80
14 103
15 107
16 49
17 27
18 70
19 113
20 30
21 121
22 112
23 63
24 65
25 53
26 63
27 121
28 118
29 83
30 123
31 75
32 92
33 28
34 58
35 116
36 34
37 60
38 90
39 27
40 118
41 59
42 105
43 59
44 73
45 70
46 36
47 74
48 105
49 42
50 103
51 68
52 10
53 68
54 121
55 79
56 120
57 58
58 67
59 13
60 78
61 21
62 57
63 104
64 90
65 14
66 79
67 97
68 28
69 77
70 44
71 79
72 122
73 78
74 48
75 52
76 34
77 22
78 46
79 63
80 77
81 48
82 88
83 75
84 58
85 75
86 124
87 85
88 127
89 119
90 69
91 44
92 39
93 54
94 94
95 40
96 70
97 58
98 34
99 79
100 82
101 119
102 119
103 83
104 91
105 117
106 111
107 98
108 10
109 33
110 67
111 98
112 99
113 15
114 60
115 30
116 65
117 79
118 64
119 18
120 17
121 65
122 105
123 72
124 30
125 82
126 36
127 32
128 102
129 84
130 64
131 90
132 115
133 23
134 56
135 112
136 127
137 20
138 17
139 15
140 18
141 74
142 42
143 58
144 81
145 122
146 112
147 99
148 85
149 90
150 44
151 11
152 13
153 47
154 111
155 87
156 123
157 110
158 40
159 34
160 36
161 37
162 76
163 28
164 78
165 125
166 67
167 60
168 26
169 61
170 117
171 33
172 108
173 38
174 87
175 100
176 23
177 106
178 55
179 21
180 45
181 69
182 84
183 109
184 40
185 68
186 57
187 91
188 49
189 94
190 88
191 119
192 44
193 116
194 47
195 95
196 65
197 92
198 26
199 81
200 80
201 44
202 69
203 74
204 85
205 124
206 31
207 40
208 87
209 111
210 111
211 46
212 99
213 15
214 94
215 11
216 33
217 17
218 49
219 110
220 42
221 29
222 127
223 50
224 90
225 97
226 97
227 108
228 55
229 85
230 93
231 10
232 54
233 73
234 125
235 103
236 48
237 37
238 27
239 118
240 50
241 16
242 88
243 37
244 96
245 29
246 30
247 48
248 92
249 109
250 105
251 83
252 109
253 70
254 81
255 79
256 98
257 17
258 10
259 10
260 111
261 47
262 65
263 111
264 46
265 30
266 64
267 53
268 104
269 52
270 92
271 117
272 61
273 60
274 16
275 46
276 17
277 87
278 64
279 117
280 108
281 29
282 115
283 37
284 37
285 20
286 14
287 48
288 49
289 36
290 10
291 37
292 87
293 51
294 127
295 25
296 100
297 55
298 37
299 31
300 26
301 14
302 78
303 80
304 56
305 66
306 67
307 94
308 48
309 66
310 23
311 115
312 62
313 89
314 75
315 52
316 64
317 115
318 36
319 95
320 109
321 128
322 67
323 17
324 122
325 67
326 73
327 126
328 35
329 39
330 115
331 123
332 35
333 81
334 93
335 62
336 61
337 70
338 84
339 59
340 113
341 66
342 120
343 16
344 30
345 85
346 65
347 62
348 17
349 44
350 15
351 48
352 67
353 128
354 28
355 35
356 14
357 110
358 20
359 19
360 64
361 25
362 59
363 95
364 104
365 54
366 20
367 124
368 86
369 11
370 118
371 107
372 125
373 109
374 68
375 24
376 119
377 122
378 101
379 125
380 19
381 51
382 113
383 25
384 77
385 71
386 46
387 84
388 22
389 71
390 64
391 20
392 109
393 76
394 115
395 22
396 42
397 85
398 78
399 12
400 113
401 87
402 82
403 52
404 54
405 110
406 68
407 106
408 125
409 119
410 69
411 60
412 93
413 15
414 65
415 67
416 103
417 22
418 17
419 34
420 123
421 66
422 26
423 110
424 56
425 17
426 119
427 83
428 14
429 10
430 82
431 114
432 49
433 88
434 20
435 47
436 106
437 80
438 93
439 42
440 128
441 79
442 121
443 31
444 57
445 25
446 98
447 58
448 88
449 114
450 35
451 84
452 111
453 11
454 112
455 46
456 106
457 23
458 80
459 61
460 65
461 26
462 18
463 59
464 18
465 69
466 119
467 25
468 37
469 104
470 113
471 57
472 117
473 120
474 104
475 39
476 127
477 77
478 107
479 68
480 38
481 31
482 51
483 65
484 53
485 13
486 89
487 39
488 113
489 103
490 52
491 32
492 28
493 23
494 41
495 91
496 10
497 19
498 68
499 108
500 54
501 128
502 110
503 112
504 113
505 43
506 97
507 10
508 13
509 98
510 43
511 14
512 83
513 62
514 20
515 96
516 67
517 86
518 47
519 57
520 40
521 78
522 104
523 112
524 71
525 128
526 36
527 43
528 31
529 85
530 107
531 46
532 102
533 26
534 45
535 92
536 117
537 108
538 23
539 100
540 128
541 109
542 36
543 92
544 46
545 14
546 46
547 112
548 105
549 104
550 51
551 25
552 109
553 110
554 92
555 71
556 89
557 117
558 28
559 115
560 123
561 75
562 98
563 70
564 98
565 57
566 29
567 88
568 68
569 51
570 79
571 68
572 15
573 110
574 34
575 20
576 87
577 30
578 92
579 114
580 31
581 39
582 47
583 75
584 94
585 118
586 40
587 127
588 106
589 57
590 106
591 47
592 98
593 13
594 77
595 56
596 123
597 82
598 99
599 28
600 113
601 127
602 15
603 52
604 99
605 59
606 49
607 87
608 84
609 63
610 32
611 88
612 55
613 92
614 32
615 27
616 11
617 107
618 47
619 44
620 98
621 38
622 79
623 95
624 19
625 102
626 66
627 116
628 86
629 75
630 38
631 99
632 55
633 51
634 67
635 44
636 68
637 13
638 99
639 57
640 17
641 97
642 75
643 77
644 20
645 56
646 80
647 36
648 51
649 37
650 65
651 101
652 62
653 50
654 48
655 43
656 26
657 73
658 117
659 46
660 76
661 73
662 53
663 90
664 19
665 100
666 127
667 32
668 20
669 35
670 55
671 86
672 36
673 70
674 34
675 15
676 90
677 127
678 56
679 69
680 14
681 94
682 60
683 68
684 91
685 94
686 22
687 20
688 32
689 73
690 80
691 105
692 126
693 53
694 126
695 111
696 16
697 85
698 92
699 13
700 48
