1 128
2 64
3 156
4 32
5 64
6 60
7 34
8 3
9 46
10 10
11 39
12 35
13 38
14 7
15 43
16 26
17 21
18 17
19 62
20 41
21 55
22 37
23 4
24 6
25 49
26 46
27 48
28 63
29 55
30 31
31 34
32 2
33 37
34 17
35 44
36 63
37 45
38 18
39 49
40 4
41 41
42 46
43 30
44 22
45 19
46 38
47 12
48 6
49 62
50 11
51 55
52 16
53 10
54 60
55 62
56 40
57 36
58 9
59 41
60 27
61 30
62 32
63 56
64 53
65 36
66 61
67 25
68 3
69 34
70 63
71 64
72 63
73 40
74 47
75 39
76 59
77 18
78 33
79 21
80 50
81 39
82 46
83 19
84 23
85 49
86 42
87 18
88 24
89 49
90 29
91 2
92 47
93 30
94 42
95 54
96 59
97 51
98 6
99 32
100 38
101 58
102 56
103 4
104 41
105 45
106 16
107 54
108 48
109 41
110 17
111 16
112 24
113 53
114 3
115 37
116 24
117 26
118 12
119 3
120 60
121 10
122 43
123 47
124 52
125 26
126 12
127 20
128 18
129 45
130 42
131 12
132 21
133 8
134 4
135 13
136 9
137 8
138 39
139 22
140 12
141 21
142 2
143 43
144 1
145 36
146 59
147 15
148 28
149 50
150 27
151 58
152 44
153 56
154 34
155 41
156 62
157 30
158 47
159 43
160 9
161 44
162 47
163 18
164 64
165 13
166 22
167 22
168 12
169 53
170 41
171 28
172 50
173 34
174 57
175 44
176 40
177 21
178 32
179 44
180 26
181 40
182 59
183 16
184 28
185 45
186 44
187 62
188 27
189 40
190 15
191 1
192 60
193 3
194 8
195 31
196 11
197 58
198 56
199 6
200 18
201 64
202 56
203 64
204 23
205 63
206 11
207 9
208 10
209 57
210 29
211 29
212 51
213 62
214 45
215 63
216 18
217 17
218 9
219 3
220 22
221 6
222 56
223 31
224 33
225 32
226 11
227 34
228 43
229 18
230 54
231 4
232 38
233 34
234 57
235 4
236 6
237 48
238 46
239 38
240 13
241 8
242 52
243 35
244 61
245 35
246 34
247 27
248 60
249 6
250 41
251 26
252 17
253 40
254 56
255 9
256 12
257 21
258 52
259 58
260 44
261 51
262 33
263 18
264 53
265 40
266 3
267 21
268 11
269 34
270 23
271 20
272 3
273 56
274 43
275 44
276 53
277 14
278 29
279 20
280 10
281 14
282 55
283 56
284 16
285 63
286 19
287 3
288 3
289 40
290 41
291 54
292 13
293 57
294 48
295 27
296 41
297 43
298 62
299 59
300 63
301 32
302 64
303 14
304 40
305 41
306 37
307 41
308 8
309 53
310 19
311 45
312 44
313 28
314 63
315 25
316 35
317 64
318 34
319 29
320 6
321 45
322 6
323 63
324 60
325 48
326 58
327 28
328 47
329 2
330 6
331 7
332 27
333 21
334 34
335 63
336 12
337 60
338 6
339 35
340 9
341 26
342 51
343 22
344 44
345 62
346 33
347 61
348 16
349 56
350 35
351 12
352 51
353 25
354 14
355 5
356 48
357 27
358 53
359 55
360 55
361 40
362 14
363 23
364 17
365 60
366 37
367 38
368 5
369 57
370 20
371 4
372 9
373 3
374 4
375 13
376 51
377 21
378 60
379 45
380 52
381 44
382 44
383 28
384 22
385 37
386 4
387 3
388 6
389 25
390 1
391 33
392 61
393 37
394 44
395 10
396 64
397 11
398 1
399 62
400 39
401 12
402 57
403 43
404 63
405 16
406 34
407 30
408 43
409 27
410 41
411 2
412 10
413 59
414 50
415 22
416 36
417 44
418 11
419 1
420 56
421 14
422 11
423 17
424 4
425 29
426 10
427 56
428 3
429 7
430 60
431 60
432 26
433 38
434 40
435 28
436 56
437 38
438 38
439 39
440 31
441 59
442 10
443 36
444 40
445 6
446 59
447 50
448 53
449 19
450 27
451 50
452 24
453 58
454 6
455 53
456 45
457 46
458 18
459 25
460 25
461 59
462 14
463 18
464 20
465 26
466 45
467 24
468 54
469 22
470 43
471 51
472 14
473 50
474 45
475 12
476 53
477 54
478 61
479 20
480 57
481 53
482 22
483 25
484 20
485 25
486 30
487 4
488 40
489 56
490 64
491 50
492 62
493 36
494 44
495 35
496 52
497 26
498 25
499 25
500 31
501 27
502 28
503 50
504 55
505 46
506 57
507 59
508 15
509 25
510 49
511 22
512 34
513 3
514 53
515 63
516 3
517 40
518 55
519 7
520 29
521 20
522 46
523 59
524 12
525 50
526 24
527 18
528 37
529 64
530 55
531 49
532 18
533 14
534 22
535 47
536 23
537 56
538 20
539 41
540 40
541 7
542 24
543 37
544 23
545 13
546 44
547 12
548 18
549 12
550 53
551 16
552 50
553 38
554 4
555 18
556 16
557 48
558 8
559 22
560 47
561 12
562 8
563 55
564 61
565 27
566 20
567 18
568 19
569 36
570 15
571 47
572 20
573 35
574 44
575 12
576 36
577 49
578 63
579 57
580 49
581 27
582 38
583 26
584 64
585 49
586 36
587 53
588 48
589 5
590 13
591 38
592 43
593 63
594 63
595 60
596 4
597 12
598 49
599 5
600 56
601 36
602 19
603 16
604 40
605 11
606 56
607 2
608 9
609 18
610 5
611 53
612 27
613 21
614 40
615 29
616 22
617 53
618 50
619 49
620 60
621 3
622 37
623 55
624 45
625 2
626 16
627 30
628 13
629 19
630 49
631 33
632 11
633 52
634 51
635 32
636 36
637 59
638 29
639 27
640 29
641 28
642 18
643 24
644 31
645 59
646 55
647 49
648 30
649 44
650 16
651 13
652 32
653 17
654 6
655 26
656 54
657 54
658 23
659 54
660 32
661 4
662 25
663 33
664 49
665 48
666 30
667 53
668 31
669 9
670 46
671 35
672 7
673 64
674 13
675 19
676 32
677 16
678 9
679 19
680 20
681 62
682 39
683 49
684 22
685 60
686 20
687 3
688 1
689 5
690 18
691 18
692 53
693 6
694 23
695 11
696 43
697 41
698 32
699 14
